//eng   bems        bemsErr     Nobs            err             eff             lum     lumErr  se      seErr   sysUncor,corr
3050   3.04966   0.028e-3   152.471   13.4402   0.172083   14.919   0.161   8.59758e-04   0             1.31    4.66
3060   3.05871   0.028e-3   148.054   13.0209   0.170301   15.060   0.161   8.59758e-04   0             1.34    4.66
3083   3.08251   0.043e-3   33.4007   6.70443   0.163996   4.769   0.055   8.59758e-04   0              6.10    4.66
3087.6   3.087590   0.130e-3   15.1604   4.06782   0.164046   2.470   0.020   8.59758e-04   0           2.08    4.66
3090   3.08887   0.022e-3   107.731   10.4644   0.159564   15.558   0.165   8.59758e-04   0             2.32    4.66
3093   3.09178   0.025e-3   89.1913   10.1763   0.150703   14.910   0.160   8.59758e-04   0             2.74    4.66
3094.3   3.09471   0.084e-3   30.8023   6.1146   0.156772   2.143   0.025   8.59758e-04   0             5.19    4.66
3095.2   3.09545   0.081e-3   125.443   12.8783   0.164676   1.816   0.021   8.59758e-04   0            4.77    4.66
3095.7   3.095730   0.080e-3   386.011   22.291   0.174136   2.920   0.020   8.59758e-04   0            2.13    4.66
3095.8   3.09584   0.075e-3   402.434   21.7586   0.173007   2.135   0.025   8.59758e-04   0            2.75    4.66
3096.2   3.096200   0.070e-3   1201.04   37.7805   0.183084   4.978   0.028   8.59758e-04   0           2.40    4.66
3096.9   3.09723   0.076e-3   773.274   30.6776   0.197385   2.096   0.026   8.59758e-04   0            1.62    4.66
3097   3.096990   0.080e-3   1026.19   34.4843   0.197136   3.100   0.020   8.59758e-04   0             0.84    4.66
3097.2   3.097230   0.100e-3   553.957   25.3479   0.199727   1.680   0.010   8.59758e-04   0           2.92    4.66
3097.7   3.097650   0.080e-3   1318.73   39.8372   0.203180   4.660   0.030   8.59758e-04   0           1.13    4.66
3098.2   3.09836   0.080e-3   370.515   20.266   0.198967   2.203   0.025   8.59758e-04   0             5.02    4.66
3098.7   3.098728   0.075e-3   634.563   26.5833   0.200853   5.640   0.030   8.59758e-04   0           2.20    4.66
3099   3.09906   0.093e-3   62.7949   8.7666   0.197484   0.756   0.011   8.59758e-04   0               4.61    4.66
3101.5   3.10138   0.106e-3   43.2619   8.18622   0.198171   1.612   0.021   8.59758e-04   0            8.28    4.66
3104   3.104000   0.080e-3   112.012   11.6138   0.192555   5.720   0.030   8.59758e-04   0             2.49    4.66
3105.5   3.10560   0.090e-3   32   6.0487   0.190382   2.106   0.025   8.59758e-04   0                  6.81    4.66
3112   3.11207   0.093e-3   19.3423   4.33996   0.182580   1.720   0.021   8.59758e-04   0              1.55    4.66
3120   3.11989   0.115e-3   15.999   4.79094   0.169411   1.264   0.016   8.59758e-04   0               7.08    4.66
